648	179
648	179
648	179
648	179
648	179
645	175
645	175
645	175
645	175
645	175
645	175
645	175
645	175
645	175
645	175
640	175
640	175
640	175
640	175
640	175
640	175
640	175
640	175
640	175
640	175
640	175
640	175
640	175
640	175
640	175
640	175
640	175
640	175
640	175
640	175
640	175
640	175
640	175
640	175
640	175
640	175
640	175
640	175
640	175
640	175
640	182
640	182
640	182
640	182
640	182
640	185
640	185
640	185
640	185
640	185
640	186
640	186
640	186
640	186
640	186
640	186
640	186
640	186
640	186
640	186
640	186
640	186
640	186
640	186
640	186
640	186
640	186
640	186
640	186
640	186
640	187
640	187
640	187
640	187
640	187
640	187
640	187
640	187
640	187
640	187
638	202
638	202
638	202
638	202
638	202
634	206
634	206
634	206
634	206
634	206
639	204
639	204
639	204
639	204
639	204
639	198
639	198
639	198
639	198
639	198
639	195
639	195
639	195
639	195
639	195
643	192
643	192
643	192
643	192
643	192
643	193
643	193
643	193
643	193
643	193
643	193
643	193
643	193
643	193
643	193
643	193
643	193
643	193
643	193
643	193
643	193
643	193
643	193
643	193
643	193
645	193
645	193
645	193
645	193
645	193
635	180
635	180
635	180
635	180
635	180
641	177
641	177
641	177
641	177
641	177
646	177
646	177
646	177
646	177
646	177
646	184
646	184
646	184
646	184
646	184
641	188
641	188
641	188
641	188
641	188
638	184
638	184
638	184
638	184
638	184
638	186
638	186
638	186
638	186
638	186
638	192
638	192
638	192
638	192
638	192
657	198
657	198
657	198
657	198
657	198
654	194
654	194
654	194
654	194
654	194
657	194
657	194
657	194
657	194
657	194
657	194
657	194
657	194
657	194
657	194
657	194
657	194
657	194
657	194
657	194
657	194
657	194
657	194
657	194
657	194
641	178
641	178
641	178
641	178
641	178
645	173
645	173
645	173
645	173
645	173
645	173
645	173
645	173
645	173
645	173
645	173
645	173
645	173
645	173
645	173
645	173
645	173
645	173
645	173
645	173
659	186
659	186
659	186
659	186
659	186
668	190
668	190
668	190
668	190
668	190
659	178
659	178
659	178
659	178
659	178
647	165
647	165
647	165
647	165
647	165
645	162
645	162
645	162
645	162
645	162
641	164
641	164
641	164
641	164
641	164
647	160
647	160
647	160
647	160
647	160
647	156
647	156
647	156
647	156
647	156
647	156
647	156
647	156
647	156
647	156
647	161
647	161
647	161
647	161
647	161
647	161
647	161
647	161
647	161
647	161
647	161
647	161
647	161
647	161
647	161
647	166
647	166
647	166
647	166
647	166
647	166
647	166
647	166
647	166
647	166
647	166
647	166
647	166
647	166
647	166
659	155
659	155
659	155
659	155
659	155
659	155
659	155
659	155
659	155
659	155
659	155
659	155
659	155
659	155
659	155
659	153
659	153
659	153
659	153
659	153
659	149
659	149
659	149
659	149
659	149
659	146
659	146
659	146
659	146
659	146
659	146
659	146
659	146
659	146
659	146
659	142
659	142
659	142
659	142
659	142
659	142
659	142
659	142
659	142
659	142
647	142
647	142
647	142
647	142
647	142
636	144
636	144
636	144
636	144
636	144
636	139
636	139
636	139
636	139
636	139
630	139
630	139
630	139
630	139
630	139
630	139
630	139
630	139
630	139
630	139
630	139
630	139
630	139
630	139
630	139
621	139
621	139
621	139
621	139
621	139
621	139
621	139
621	139
621	139
621	139
621	139
621	139
621	139
621	139
621	139
607	139
607	139
607	139
607	139
607	139
607	139
607	139
607	139
607	139
607	139
615	139
615	139
615	139
615	139
615	139
615	139
615	139
615	139
615	139
615	139
639	138
639	138
639	138
639	138
639	138
654	130
654	130
654	130
654	130
654	130
658	126
658	126
658	126
658	126
658	126
663	123
663	123
663	123
663	123
663	123
624	126
624	126
624	126
624	126
624	126
587	140
587	140
587	140
587	140
587	140
587	143
587	143
587	143
587	143
587	143
587	146
587	146
587	146
587	146
587	146
587	147
587	147
587	147
587	147
587	147
600	147
600	147
600	147
600	147
600	147
600	147
600	147
600	147
600	147
600	147
600	147
600	147
600	147
600	147
600	147
600	147
600	147
600	147
600	147
600	147
600	147
600	147
600	147
600	147
600	147
594	147
594	147
594	147
594	147
594	147
587	147
587	147
587	147
587	147
587	147
587	147
587	147
587	147
587	147
587	147
567	125
567	125
567	125
567	125
567	125
556	125
556	125
556	125
556	125
556	125
556	128
556	128
556	128
556	128
556	128
545	128
545	128
545	128
545	128
545	128
545	128
545	128
545	128
545	128
545	128
545	128
545	128
545	128
545	128
545	128
551	127
551	127
551	127
551	127
551	127
544	125
544	125
544	125
544	125
544	125
530	128
530	128
530	128
530	128
530	128
507	131
507	131
507	131
507	131
507	131
507	139
507	139
507	139
507	139
507	139
495	145
495	145
495	145
495	145
495	145
495	144
495	144
495	144
495	144
495	144
495	144
495	144
495	144
495	144
495	144
495	144
495	144
495	144
495	144
495	144
495	144
495	144
495	144
495	144
495	144
495	144
495	144
495	144
495	144
495	144
492	144
492	144
492	144
492	144
492	144
492	144
492	144
492	144
492	144
492	144
492	144
492	144
492	144
492	144
492	144
492	144
492	144
492	144
492	144
492	144
492	140
492	140
492	140
492	140
492	140
492	144
492	144
492	144
492	144
492	144
488	147
488	147
488	147
488	147
488	147
488	147
488	147
488	147
488	147
488	147
488	147
488	147
488	147
488	147
488	147
489	146
489	146
489	146
489	146
489	146
489	138
489	138
489	138
489	138
489	138
489	138
489	138
489	138
489	138
489	138
489	138
489	138
489	138
489	138
489	138
485	138
485	138
485	138
485	138
485	138
485	138
485	138
485	138
485	138
485	138
485	138
485	138
485	138
485	138
485	138
476	140
476	140
476	140
476	140
476	140
473	138
473	138
473	138
473	138
473	138
461	129
461	129
461	129
461	129
461	129
461	129
461	129
461	129
461	129
461	129
457	129
457	129
457	129
457	129
457	129
474	142
474	142
474	142
474	142
474	142
487	147
487	147
487	147
487	147
487	147
487	147
487	147
487	147
487	147
487	147
486	147
486	147
486	147
486	147
486	147
486	147
486	147
486	147
486	147
486	147
486	148
486	148
486	148
486	148
486	148
486	150
486	150
486	150
486	150
486	150
486	153
486	153
486	153
486	153
486	153
486	153
486	153
486	153
486	153
486	153
486	150
486	150
486	150
486	150
486	150
486	153
486	153
486	153
486	153
486	153
486	153
486	153
486	153
486	153
486	153
486	144
486	144
486	144
486	144
486	144
486	152
486	152
486	152
486	152
486	152
486	152
486	152
486	152
486	152
486	152
486	152
486	152
486	152
486	152
486	152
486	152
486	152
486	152
486	152
486	152
486	152
486	152
486	152
486	152
486	152
486	151
486	151
486	151
486	151
486	151
486	151
486	151
486	151
486	151
486	151
486	146
486	146
486	146
486	146
486	146
486	151
486	151
486	151
486	151
486	151
486	146
486	146
486	146
486	146
486	146
486	146
486	146
486	146
486	146
486	146
486	146
486	146
486	146
486	146
486	146
486	146
486	146
486	146
486	146
486	146
486	146
486	146
486	146
486	146
486	146
486	146
486	146
486	146
486	146
486	146
486	146
486	146
486	146
486	146
486	146
486	141
486	141
486	141
486	141
486	141
486	145
486	145
486	145
486	145
486	145
486	153
486	153
486	153
486	153
486	153
492	136
492	136
492	136
492	136
492	136
503	138
503	138
503	138
503	138
503	138
511	142
511	142
511	142
511	142
511	142
515	142
515	142
515	142
515	142
515	142
550	140
550	140
550	140
550	140
550	140
576	164
576	164
576	164
576	164
576	164
631	257
631	257
631	257
631	257
631	257
689	286
689	286
689	286
689	286
689	286
689	286
689	286
689	286
689	286
689	286
689	273
689	273
689	273
689	273
689	273
689	267
689	267
689	267
689	267
689	267
679	267
679	267
679	267
679	267
679	267
679	267
679	267
679	267
679	267
679	267
679	268
679	268
679	268
679	268
679	268
679	268
679	268
679	268
679	268
679	268
679	263
679	263
679	263
679	263
679	263
679	263
679	263
679	263
679	263
679	263
679	263
679	263
679	263
679	263
679	263
679	259
679	259
679	259
679	259
679	259
679	259
679	259
679	259
679	259
679	259
679	256
679	256
679	256
679	256
679	256
679	256
679	256
679	256
679	256
679	256
679	256
679	256
679	256
679	256
679	256
679	256
679	256
679	256
679	256
679	256
679	254
679	254
679	254
679	254
679	254
679	253
679	253
679	253
679	253
679	253
679	255
679	255
679	255
679	255
679	255
679	255
679	255
679	255
679	255
679	255
679	253
679	253
679	253
679	253
679	253
679	248
679	248
679	248
679	248
679	248
679	248
679	248
679	248
679	248
679	248
679	248
679	248
679	248
679	248
679	248
679	248
679	248
679	248
679	248
679	248
679	248
679	248
679	248
679	248
679	248
679	248
679	248
679	248
679	248
679	248
679	248
679	248
679	248
679	248
679	248
679	248
679	248
679	248
679	248
679	248
679	248
679	248
679	248
679	248
679	248
677	248
677	248
677	248
677	248
677	248
677	248
677	248
677	248
677	248
677	248
677	248
677	248
677	248
677	248
677	248
677	248
677	248
677	248
677	248
677	248
677	237
677	237
677	237
677	237
677	237
677	237
677	237
677	237
677	237
677	237
677	237
677	237
677	237
677	237
677	237
677	237
677	237
677	237
677	237
677	237
677	237
677	237
677	237
677	237
677	237
677	250
677	250
677	250
677	250
677	250
677	250
677	250
677	250
677	250
677	250
677	255
677	255
677	255
677	255
677	255
677	255
677	255
677	255
677	255
677	255
677	255
677	255
677	255
677	255
677	255
677	255
677	255
677	255
677	255
677	255
677	255
677	255
677	255
677	255
677	255
677	255
677	255
677	255
677	255
677	255
677	255
677	255
677	255
677	255
677	255
677	248
677	248
677	248
677	248
677	248
677	256
677	256
677	256
677	256
677	256
677	256
677	256
677	256
677	256
677	256
677	256
677	256
677	256
677	256
677	256
677	256
677	256
677	256
677	256
677	256
677	256
677	256
677	256
677	256
677	256
677	256
677	256
677	256
677	256
677	256
677	256
677	256
677	256
677	256
677	256
677	256
677	256
677	256
677	256
677	256
677	256
677	256
677	256
677	256
677	256
677	256
677	256
677	256
677	256
677	256
677	256
677	256
677	256
677	256
677	256
677	252
677	252
677	252
677	252
677	252
677	252
677	252
677	252
677	252
677	252
677	259
677	259
677	259
677	259
677	259
677	259
677	259
677	259
677	259
677	259
677	255
677	255
677	255
677	255
677	255
677	255
677	255
677	255
677	255
677	255
677	250
677	250
677	250
677	250
677	250
677	250
677	250
677	250
677	250
677	250
677	250
677	250
677	250
677	250
677	250
677	250
677	250
677	250
677	250
677	250
677	249
677	249
677	249
677	249
677	249
677	249
677	249
677	249
677	249
677	249
677	251
677	251
677	251
677	251
677	251
677	257
677	257
677	257
677	257
677	257
677	257
677	257
677	257
677	257
677	257
677	257
677	257
677	257
677	257
677	257
677	257
677	257
677	257
677	257
677	257
677	257
677	257
677	257
677	257
677	257
677	257
677	257
677	257
677	257
677	257
677	257
677	257
677	257
677	257
677	257
677	257
677	257
677	257
677	257
677	257
677	257
677	257
677	257
677	257
677	257
677	250
677	250
677	250
677	250
677	250
677	250
677	250
677	250
677	250
677	250
677	250
677	250
677	250
677	250
677	250
677	252
677	252
677	252
677	252
677	252
677	252
677	252
677	252
677	252
677	252
677	252
677	252
677	252
677	252
677	252
677	252
677	252
677	252
677	252
677	252
677	252
677	252
677	252
677	252
677	252
677	252
677	252
677	252
677	252
677	252
677	252
677	252
677	252
677	252
677	252
677	252
677	252
677	252
677	252
677	252
677	252
677	252
677	252
677	252
677	252
677	252
677	252
677	252
677	252
677	252
677	252
677	252
677	252
677	252
677	252
677	252
677	252
677	252
677	252
677	252
677	252
677	252
677	252
677	252
677	252
677	252
677	252
677	252
677	252
677	252
677	252
677	252
677	252
677	252
677	252
677	252
677	252
677	252
677	252
677	252
677	252
677	252
677	252
677	252
677	252
677	252
677	252
677	252
677	252
677	252
677	252
677	252
677	252
677	252
677	252
677	252
677	252
677	252
677	252
677	252
677	252
677	252
677	252
677	252
677	252
673	254
673	254
673	254
673	254
673	254
673	254
673	254
673	254
673	254
673	254
673	254
673	254
673	254
673	254
673	254
673	254
673	254
673	254
673	254
673	254
673	254
673	254
673	254
673	254
673	254
673	248
673	248
673	248
673	248
673	248
673	248
673	248
673	248
673	248
673	248
673	248
673	248
673	248
673	248
673	248
673	252
673	252
673	252
673	252
673	252
673	252
673	252
673	252
673	252
673	252
673	249
673	249
673	249
673	249
673	249
673	245
673	245
673	245
673	245
673	245
673	249
673	249
673	249
673	249
673	249
673	253
673	253
673	253
673	253
673	253
673	253
673	253
673	253
673	253
673	253
