459	229
459	229
459	229
459	229
459	229
459	229
459	229
459	229
459	229
459	229
459	225
459	225
459	225
459	225
459	225
459	225
459	225
459	225
459	225
459	225
452	225
452	225
452	225
452	225
452	225
452	225
452	225
452	225
452	225
452	225
450	225
450	225
450	225
450	225
450	225
454	225
454	225
454	225
454	225
454	225
454	225
454	225
454	225
454	225
454	225
454	225
454	225
454	225
454	225
454	225
447	225
447	225
447	225
447	225
447	225
444	225
444	225
444	225
444	225
444	225
384	243
384	243
384	243
384	243
384	243
372	250
372	250
372	250
372	250
372	250
363	238
363	238
363	238
363	238
363	238
363	238
363	238
363	238
363	238
363	238
363	238
363	238
363	238
363	238
363	238
357	241
357	241
357	241
357	241
357	241
373	222
373	222
373	222
373	222
373	222
373	221
373	221
373	221
373	221
373	221
373	207
373	207
373	207
373	207
373	207
373	203
373	203
373	203
373	203
373	203
373	202
373	202
373	202
373	202
373	202
373	200
373	200
373	200
373	200
373	200
385	190
385	190
385	190
385	190
385	190
385	184
385	184
385	184
385	184
385	184
385	189
385	189
385	189
385	189
385	189
391	192
391	192
391	192
391	192
391	192
391	192
391	192
391	192
391	192
391	192
402	185
402	185
402	185
402	185
402	185
398	186
398	186
398	186
398	186
398	186
401	201
401	201
401	201
401	201
401	201
403	199
403	199
403	199
403	199
403	199
403	194
403	194
403	194
403	194
403	194
406	191
406	191
406	191
406	191
406	191
406	188
406	188
406	188
406	188
406	188
424	188
424	188
424	188
424	188
424	188
426	198
426	198
426	198
426	198
426	198
422	211
422	211
422	211
422	211
422	211
450	226
450	226
450	226
450	226
450	226
450	229
450	229
450	229
450	229
450	229
445	234
445	234
445	234
445	234
445	234
438	253
438	253
438	253
438	253
438	253
438	253
438	253
438	253
438	253
438	253
448	253
448	253
448	253
448	253
448	253
459	256
459	256
459	256
459	256
459	256
459	256
459	256
459	256
459	256
459	256
452	256
452	256
452	256
452	256
452	256
463	256
463	256
463	256
463	256
463	256
465	250
465	250
465	250
465	250
465	250
468	250
468	250
468	250
468	250
468	250
465	250
465	250
465	250
465	250
465	250
465	250
465	250
465	250
465	250
465	250
465	250
465	250
465	250
465	250
465	250
465	250
465	250
465	250
465	250
465	250
434	228
434	228
434	228
434	228
434	228
434	232
434	232
434	232
434	232
434	232
434	232
434	232
434	232
434	232
434	232
620	140
620	140
620	140
620	140
620	140
639	153
639	153
639	153
639	153
639	153
654	142
654	142
654	142
654	142
654	142
654	142
654	142
654	142
654	142
654	142
654	142
654	142
654	142
654	142
654	142
654	140
654	140
654	140
654	140
654	140
652	140
652	140
652	140
652	140
652	140
652	146
652	146
652	146
652	146
652	146
653	137
653	137
653	137
653	137
653	137
653	137
653	137
653	137
653	137
653	137
653	156
653	156
653	156
653	156
653	156
653	156
653	156
653	156
653	156
653	156
653	156
653	156
653	156
653	156
653	156
655	161
655	161
655	161
655	161
655	161
667	163
667	163
667	163
667	163
667	163
667	150
667	150
667	150
667	150
667	150
667	142
667	142
667	142
667	142
667	142
667	149
667	149
667	149
667	149
667	149
664	149
664	149
664	149
664	149
664	149
664	155
664	155
664	155
664	155
664	155
664	155
664	155
664	155
664	155
664	155
654	152
654	152
654	152
654	152
654	152
654	152
654	152
654	152
654	152
654	152
654	152
654	152
654	152
654	152
654	152
654	166
654	166
654	166
654	166
654	166
665	166
665	166
665	166
665	166
665	166
670	164
670	164
670	164
670	164
670	164
672	169
672	169
672	169
672	169
672	169
672	169
672	169
672	169
672	169
672	169
672	169
672	169
672	169
672	169
672	169
674	164
674	164
674	164
674	164
674	164
674	164
674	164
674	164
674	164
674	164
674	164
674	164
674	164
674	164
674	164
674	166
674	166
674	166
674	166
674	166
674	166
674	166
674	166
674	166
674	166
674	146
674	146
674	146
674	146
674	146
674	146
674	146
674	146
674	146
674	146
674	146
674	146
674	146
674	146
674	146
669	143
669	143
669	143
669	143
669	143
669	143
669	143
669	143
669	143
669	143
669	143
669	143
669	143
669	143
669	143
664	143
664	143
664	143
664	143
664	143
664	143
664	143
664	143
664	143
664	143
664	143
664	143
664	143
664	143
664	143
664	143
664	143
664	143
664	143
664	143
664	143
664	143
664	143
664	143
664	143
664	143
664	143
664	143
664	143
664	143
664	149
664	149
664	149
664	149
664	149
664	149
664	149
664	149
664	149
664	149
666	149
666	149
666	149
666	149
666	149
666	149
666	149
666	149
666	149
666	149
666	149
666	149
666	149
666	149
666	149
666	149
666	149
666	149
666	149
666	149
666	133
666	133
666	133
666	133
666	133
666	133
666	133
666	133
666	133
666	133
666	133
666	133
666	133
666	133
666	133
663	138
663	138
663	138
663	138
663	138
663	138
663	138
663	138
663	138
663	138
663	138
663	138
663	138
663	138
663	138
663	138
663	138
663	138
663	138
663	138
663	138
663	138
663	138
663	138
663	138
663	138
663	138
663	138
663	138
663	138
663	138
663	138
663	138
663	138
663	138
663	148
663	148
663	148
663	148
663	148
663	148
663	148
663	148
663	148
663	148
667	164
667	164
667	164
667	164
667	164
667	163
667	163
667	163
667	163
667	163
667	163
667	163
667	163
667	163
667	163
670	165
670	165
670	165
670	165
670	165
670	165
670	165
670	165
670	165
670	165
670	165
670	165
670	165
670	165
670	165
670	161
670	161
670	161
670	161
670	161
670	154
670	154
670	154
670	154
670	154
670	154
670	154
670	154
670	154
670	154
663	154
663	154
663	154
663	154
663	154
669	163
669	163
669	163
669	163
669	163
669	166
669	166
669	166
669	166
669	166
669	171
669	171
669	171
669	171
669	171
669	171
669	171
669	171
669	171
669	171
664	171
664	171
664	171
664	171
664	171
664	171
664	171
664	171
664	171
664	171
664	171
664	171
664	171
664	171
664	171
667	171
667	171
667	171
667	171
667	171
667	171
667	171
667	171
667	171
667	171
667	171
667	171
667	171
667	171
667	171
667	171
667	171
667	171
667	171
667	171
663	171
663	171
663	171
663	171
663	171
663	171
663	171
663	171
663	171
663	171
663	171
663	171
663	171
663	171
663	171
663	171
663	171
663	171
663	171
663	171
664	173
664	173
664	173
664	173
664	173
664	189
664	189
664	189
664	189
664	189
658	201
658	201
658	201
658	201
658	201
654	201
654	201
654	201
654	201
654	201
661	197
661	197
661	197
661	197
661	197
671	180
671	180
671	180
671	180
671	180
671	180
671	180
671	180
671	180
671	180
671	180
671	180
671	180
671	180
671	180
671	180
671	180
671	180
671	180
671	180
669	197
669	197
669	197
669	197
669	197
664	197
664	197
664	197
664	197
664	197
662	177
662	177
662	177
662	177
662	177
669	177
669	177
669	177
669	177
669	177
669	180
669	180
669	180
669	180
669	180
657	185
657	185
657	185
657	185
657	185
620	211
620	211
620	211
620	211
620	211
620	211
620	211
620	211
620	211
620	211
620	215
620	215
620	215
620	215
620	215
675	223
675	223
675	223
675	223
675	223
675	219
675	219
675	219
675	219
675	219
672	222
672	222
672	222
672	222
672	222
671	229
671	229
671	229
671	229
671	229
662	238
662	238
662	238
662	238
662	238
662	238
662	238
662	238
662	238
662	238
662	238
662	238
662	238
662	238
662	238
662	238
662	238
662	238
662	238
662	238
665	238
665	238
665	238
665	238
665	238
666	238
666	238
666	238
666	238
666	238
667	238
667	238
667	238
667	238
667	238
667	238
667	238
667	238
667	238
667	238
663	238
663	238
663	238
663	238
663	238
663	238
663	238
663	238
663	238
663	238
663	239
663	239
663	239
663	239
663	239
663	239
663	239
663	239
663	239
663	239
663	239
663	239
663	239
663	239
663	239
663	239
663	239
663	239
663	239
663	239
661	239
661	239
661	239
661	239
661	239
661	239
661	239
661	239
661	239
661	239
661	239
661	239
661	239
661	239
661	239
661	239
661	239
661	239
661	239
661	239
660	239
660	239
660	239
660	239
660	239
660	238
660	238
660	238
660	238
660	238
663	237
663	237
663	237
663	237
663	237
663	240
663	240
663	240
663	240
663	240
663	242
663	242
663	242
663	242
663	242
663	242
663	242
663	242
663	242
663	242
662	242
662	242
662	242
662	242
662	242
662	242
662	242
662	242
662	242
662	242
648	224
648	224
648	224
648	224
648	224
636	223
636	223
636	223
636	223
636	223
654	233
654	233
654	233
654	233
654	233
654	233
654	233
654	233
654	233
654	233
652	231
652	231
652	231
652	231
652	231
652	231
652	231
652	231
652	231
652	231
652	231
652	231
652	231
652	231
652	231
652	231
652	231
652	231
652	231
652	231
649	247
649	247
649	247
649	247
649	247
650	226
650	226
650	226
650	226
650	226
655	224
655	224
655	224
655	224
655	224
655	219
655	219
655	219
655	219
655	219
655	210
655	210
655	210
655	210
655	210
655	207
655	207
655	207
655	207
655	207
655	207
655	207
655	207
655	207
655	207
653	207
653	207
653	207
653	207
653	207
653	207
653	207
653	207
653	207
653	207
653	205
653	205
653	205
653	205
653	205
653	205
653	205
653	205
653	205
653	205
636	205
636	205
636	205
636	205
636	205
641	211
641	211
641	211
641	211
641	211
636	212
636	212
636	212
636	212
636	212
636	212
636	212
636	212
636	212
636	212
636	212
636	212
636	212
636	212
636	212
682	162
682	162
682	162
682	162
682	162
668	148
668	148
668	148
668	148
668	148
668	148
668	148
668	148
668	148
668	148
639	140
639	140
639	140
639	140
639	140
639	140
639	140
639	140
639	140
639	140
616	140
616	140
616	140
616	140
616	140
479	127
479	127
479	127
479	127
479	127
466	149
466	149
466	149
466	149
466	149
431	163
431	163
431	163
431	163
431	163
401	163
401	163
401	163
401	163
401	163
401	167
401	167
401	167
401	167
401	167
401	167
401	167
401	167
401	167
401	167
401	167
401	167
401	167
401	167
401	167
393	175
393	175
393	175
393	175
393	175
392	178
392	178
392	178
392	178
392	178
392	177
392	177
392	177
392	177
392	177
379	187
379	187
379	187
379	187
379	187
368	215
368	215
368	215
368	215
368	215
368	215
368	215
368	215
368	215
368	215
368	215
368	215
368	215
368	215
368	215
368	215
368	215
368	215
368	215
368	215
368	215
368	215
368	215
368	215
368	215
368	215
368	215
368	215
368	215
368	215
368	215
368	215
368	215
368	215
368	215
368	215
368	215
368	215
368	215
368	215
368	215
368	215
368	215
368	215
368	215
368	215
368	215
368	215
368	215
368	215
365	215
365	215
365	215
365	215
365	215
365	215
365	215
365	215
365	215
365	215
365	215
365	215
365	215
365	215
365	215
361	215
361	215
361	215
361	215
361	215
361	225
361	225
361	225
361	225
361	225
361	225
361	225
361	225
361	225
361	225
384	201
384	201
384	201
384	201
384	201
384	204
384	204
384	204
384	204
384	204
383	194
383	194
383	194
383	194
383	194
388	187
388	187
388	187
388	187
388	187
388	187
388	187
388	187
388	187
388	187
384	192
384	192
384	192
384	192
384	192
378	206
378	206
378	206
378	206
378	206
368	213
368	213
368	213
368	213
368	213
364	232
364	232
364	232
364	232
364	232
364	232
364	232
364	232
364	232
364	232
364	234
364	234
364	234
364	234
364	234
364	234
364	234
364	234
364	234
364	234
364	234
364	234
364	234
364	234
364	234
359	238
359	238
359	238
359	238
359	238
359	232
359	232
359	232
359	232
359	232
370	197
370	197
370	197
370	197
370	197
370	197
370	197
370	197
370	197
370	197
401	185
401	185
401	185
401	185
401	185
401	191
401	191
401	191
401	191
401	191
395	191
395	191
395	191
395	191
395	191
389	186
389	186
389	186
389	186
389	186
389	186
389	186
389	186
389	186
389	186
389	186
389	186
389	186
389	186
389	186
389	172
389	172
389	172
389	172
389	172
389	172
389	172
389	172
389	172
389	172
389	172
389	172
389	172
389	172
389	172
377	172
377	172
377	172
377	172
377	172
378	172
378	172
378	172
378	172
378	172
378	169
378	169
378	169
378	169
378	169
378	169
378	169
378	169
378	169
378	169
378	169
378	169
378	169
378	169
378	169
378	169
378	169
378	169
378	169
378	169
378	169
378	169
378	169
378	169
378	169
378	166
378	166
378	166
378	166
378	166
378	166
378	166
378	166
378	166
378	166
378	172
378	172
378	172
378	172
378	172
378	172
378	172
378	172
378	172
378	172
388	172
388	172
388	172
388	172
388	172
388	176
388	176
388	176
388	176
388	176
388	171
388	171
388	171
388	171
388	171
388	171
388	171
388	171
388	171
388	171
388	171
388	171
388	171
388	171
388	171
388	171
388	171
388	171
388	171
388	171
388	171
388	171
388	171
388	171
388	171
388	171
388	171
388	171
388	171
388	171
388	171
388	171
388	171
388	171
388	171
388	171
388	171
388	171
388	171
388	171
